name: loan_eligibility
channels:
  - defaults
dependencies:
  - asttokens=3.0.0=py310haa95532_0
  - bzip2=1.0.8=h2bbff1b_6
  - ca-certificates=2025.9.9=haa95532_0
  - colorama=0.4.6=py310haa95532_0
  - comm=0.2.1=py310haa95532_0
  - debugpy=1.8.16=py310h885b0b7_0
  - decorator=5.2.1=py310haa95532_0
  - exceptiongroup=1.3.0=py310haa95532_0
  - executing=2.2.1=py310haa95532_0
  - expat=2.7.1=h8ddb27b_0
  - ipykernel=6.30.1=py310haa95532_0
  - ipython=8.30.0=py310haa95532_0
  - jedi=0.19.2=py310haa95532_0
  - jupyter_client=8.6.3=py310haa95532_0
  - jupyter_core=5.8.1=py310haa95532_0
  - libffi=3.4.4=hd77b12b_1
  - libsodium=1.0.20=h83e8143_0
  - libzlib=1.3.1=h02ab6af_0
  - matplotlib-inline=0.1.7=py310haa95532_0
  - nest-asyncio=1.6.0=py310haa95532_0
  - openssl=3.0.18=h543e019_0
  - packaging=25.0=py310haa95532_1
  - parso=0.8.4=py310haa95532_0
  - pip=25.2=pyhc872135_1
  - platformdirs=4.3.7=py310haa95532_0
  - prompt-toolkit=3.0.52=py310haa95532_0
  - prompt_toolkit=3.0.52=hd3eb1b0_0
  - psutil=7.0.0=py310h02ab6af_0
  - pure_eval=0.2.3=py310haa95532_0
  - pygments=2.19.1=py310haa95532_0
  - python=3.10.19=h981015d_0
  - python-dateutil=2.9.0post0=py310haa95532_2
  - pywin32=311=py310h885b0b7_0
  - pyzmq=27.1.0=py310h7149c55_0
  - setuptools=80.9.0=py310haa95532_0
  - six=1.17.0=py310haa95532_0
  - sqlite=3.50.2=hda9a48d_1
  - stack_data=0.6.3=py310haa95532_0
  - tk=8.6.15=hf199647_0
  - tornado=6.5.1=py310h827c3e9_0
  - traitlets=5.14.3=py310haa95532_0
  - typing-extensions=4.15.0=py310haa95532_0
  - typing_extensions=4.15.0=py310haa95532_0
  - ucrt=10.0.22621.0=haa95532_0
  - vc=14.3=h2df5915_10
  - vc14_runtime=14.44.35208=h4927774_10
  - vs2015_runtime=14.44.35208=ha6b5a95_10
  - wcwidth=0.2.13=py310haa95532_0
  - wheel=0.45.1=py310haa95532_0
  - xz=5.6.4=h4754444_1
  - zeromq=4.3.5=h6c54ac7_1
  - zlib=1.3.1=h02ab6af_0
  - pip:
      - alembic==1.17.0
      - altair==5.5.0
      - attrs==25.4.0
      - blinker==1.9.0
      - cachetools==6.2.1
      - certifi==2025.10.5
      - charset-normalizer==3.4.4
      - click==8.3.0
      - cloudpickle==3.1.1
      - colorlog==6.10.1
      - contourpy==1.3.2
      - cycler==0.12.1
      - fonttools==4.60.1
      - gitdb==4.0.12
      - gitpython==3.1.45
      - greenlet==3.2.4
      - idna==3.11
      - jinja2==3.1.6
      - joblib==1.5.2
      - jsonschema==4.25.1
      - jsonschema-specifications==2025.9.1
      - kiwisolver==1.4.9
      - llvmlite==0.45.1
      - mako==1.3.10
      - markupsafe==3.0.3
      - matplotlib==3.10.7
      - narwhals==2.10.0
      - numba==0.62.1
      - numpy==2.2.6
      - optuna==4.5.0
      - pandas==2.3.3
      - pillow==11.3.0
      - protobuf==6.33.0
      - pyarrow==22.0.0
      - pydeck==0.9.1
      - pyparsing==3.2.5
      - pytz==2025.2
      - pyyaml==6.0.3
      - referencing==0.37.0
      - requests==2.32.5
      - rpds-py==0.28.0
      - scikit-learn==1.7.2
      - scipy==1.15.3
      - seaborn==0.13.2
      - shap==0.49.1
      - slicer==0.0.8
      - smmap==5.0.2
      - sqlalchemy==2.0.44
      - streamlit==1.50.0
      - tenacity==9.1.2
      - threadpoolctl==3.6.0
      - toml==0.10.2
      - tomli==2.3.0
      - tqdm==4.67.1
      - tzdata==2025.2
      - urllib3==2.5.0
      - watchdog==6.0.0
      - xgboost==3.1.1
prefix: C:\Users\guddu\miniconda3\envs\loan_eligibility
